0.130152
0.130152
0.130151
0.130151
0.130152
0.130152
0.130152
0.130152
0.130152
0.130153
0.130153
0.130153
0.130154
0.130154
0.130155
0.130155
0.130156
0.130156
0.130157
0.130157
0.130158
0.130159
0.130159
0.13016
0.130161
0.130162
0.130163
0.130164
0.130165
0.130166
0.130167
0.130168
0.130169
0.13017
0.130171
0.130172
0.130173
0.130175
0.130176
0.130177
0.130178
0.13018
0.130181
0.130183
0.130184
0.130186
0.130187
0.130189
0.13019
0.130192
0.130194
0.130195
0.130197
0.130199
0.1302
0.130202
0.130204
0.130206
0.130208
0.13021
0.130212
0.130214
0.130216
0.130218
0.13022
0.130222
0.130224
0.130226
0.130228
0.13023
0.130232
0.130235
0.130237
0.130239
0.130241
0.130244
0.130246
0.130248
0.130251
0.130253
0.130256
0.130258
0.130261
0.130263
0.130266
0.130268
0.130271
0.130273
0.130276
0.130278
0.130281
0.130284
0.130286
0.130289
0.130292
0.130295
0.130297
0.1303
0.130303
0.130306
0.130308
0.130311
0.130314
0.130317
0.13032
0.130323
0.130326
0.130329
0.130332
0.130334
0.130337
0.13034
0.130343
0.130346
0.13035
0.130353
0.130356
0.130359
0.130362
0.130365
0.130368
0.130371
0.130374
0.130377
0.13038
0.130384
0.130387
0.13039
0.130393
0.130396
0.1304
0.130403
0.130406
0.130409
0.130413
0.130416
0.130419
0.130422
0.130426
0.130429
0.130432
0.130436
0.130439
0.130442
0.130446
0.130449
0.130452
0.130456
0.130459
0.130462
0.130466
0.130469
0.130473
0.130476
0.130479
0.130483
0.130486
0.13049
0.130493
0.130497
0.1305
0.130503
0.130507
0.13051
0.130514
0.130517
0.130521
0.130524
0.130528
0.130531
0.130535
0.130538
0.130542
0.130545
0.130549
0.130552
0.130556
0.130559
0.130563
0.130566
0.13057
0.130573
0.130577
0.13058
0.130584
0.130587
0.130591
0.130594
0.130598
0.130601
0.130605
0.130609
0.130612
0.130616
0.130619
0.130623
0.130626
0.13063
0.130633
0.130637
0.13064
0.130644
0.130648
0.130651
0.130655
0.130658
0.130662
0.130665
0.130669
0.130672
0.130676
0.13068
0.130683
0.130687
0.13069
0.130694
0.130697
0.130701
0.130704
0.130708
0.130711
0.130715
0.130719
0.130722
0.130726
0.130729
0.130733
0.130736
0.13074
0.130743
0.130747
0.130751
0.130754
0.130758
0.130761
0.130765
0.130768
0.130772
0.130775
0.130779
0.130782
0.130786
0.130789
0.130793
0.130797
0.1308
0.130804
0.130807
0.130811
0.130814
0.130818
0.130821
0.130825
0.130828
0.130832
0.130835
0.130839
0.130842
0.130846
0.130849
0.130853
0.130856
0.13086
0.130863
0.130867
0.13087
0.130874
0.130877
0.130881
0.130884
0.130888
0.130891
0.130895
0.130898
0.130902
0.130905
0.130909
0.130912
0.130915
0.130919
0.130922
0.130926
0.130929
0.130933
0.130936
0.13094
0.130943
0.130947
0.13095
0.130954
0.130957
0.130961
0.130964
0.130967
0.130971
0.130974
0.130978
0.130981
0.130985
0.130988
0.130992
0.130995
0.130998
0.131002
0.131005
0.131009
0.131012
0.131016
0.131019
0.131022
0.131026
0.131029
0.131033
0.131036
0.13104
0.131043
0.131046
0.13105
0.131053
0.131057
0.13106
0.131063
0.131067
0.13107
0.131074
0.131077
0.13108
0.131084
0.131087
0.131091
0.131094
0.131097
0.131101
0.131104
0.131108
0.131111
0.131114
0.131118
0.131121
0.131124
0.131128
0.131131
0.131135
0.131138
0.131141
0.131145
0.131148
0.131152
0.131155
0.131158
0.131162
0.131165
0.131168
0.131172
0.131175
0.131179
0.131182
0.131185
0.131189
0.131192
0.131195
0.131199
0.131202
0.131205
0.131209
0.131212
0.131216
0.131219
0.131222
0.131226
0.131229
0.131232
0.131236
0.131239
0.131242
0.131246
0.131249
0.131253
0.131256
0.131259
0.131263
0.131266
0.131269
0.131273
0.131276
0.13128
0.131283
0.131286
0.13129
0.131293
0.131296
0.1313
0.131303
0.131307
0.13131
0.131313
0.131317
0.13132
0.131323
0.131327
0.13133
0.131334
0.131337
0.13134
0.131344
0.131347
0.131351
0.131354
0.131357
0.131361
0.131364
0.131368
0.131371
0.131374
0.131378
0.131381
0.131385
0.131388
0.131391
0.131395
0.131398
0.131402
0.131405
0.131409
0.131412
0.131415
0.131419
0.131422
0.131426
0.131429
0.131433
0.131436
0.13144
0.131443
0.131447
0.13145
0.131454
0.131457
0.131461
0.131464
0.131468
0.131471
0.131475
0.131478
0.131482
0.131485
0.131489
0.131492
0.131496
0.131499
0.131503
0.131506
0.13151
0.131514
0.131517
0.131521
0.131524
0.131528
0.131532
0.131535
0.131539
0.131542
0.131546
0.13155
0.131553
0.131557
0.131561
0.131564
0.131568
0.131572
0.131575
0.131579
0.131583
0.131587
0.13159
0.131594
0.131598
0.131601
0.131605
0.131609
0.131613
0.131617
0.13162
0.131624
0.131628
0.131632
0.131636
0.13164
0.131644
0.131647
0.131651
0.131655
0.131659
0.131663
0.131667
0.131671
0.131675
0.131679
0.131683
0.131687
0.131691
0.131695
0.131699
0.131703
0.131708
0.131712
0.131716
0.13172
0.131724
0.131728
0.131732
0.131737
0.131741
0.131745
0.131749
0.131754
0.131758
0.131762
0.131767
0.131771
0.131775
0.13178
0.131784
0.131789
0.131793
0.131798
0.131802
0.131807
0.131811
0.131816
0.13182
0.131825
0.13183
0.131834
0.131839
0.131844
0.131849
0.131853
0.131858
0.131863
0.131868
0.131873
0.131878
0.131883
0.131888
0.131893
0.131898
0.131903
0.131908
0.131913
0.131918
0.131923
0.131928
0.131934
0.131939
0.131944
0.13195
0.131955
0.131961
0.131966
0.131971
0.131977
0.131983
0.131988
0.131994
0.132
0.132005
0.132011
0.132017
0.132023
0.132029
0.132035
0.13204
0.132047
0.132053
0.132059
0.132065
0.132071
0.132077
0.132084
0.13209
0.132096
0.132103
0.132109
0.132116
0.132123
0.132129
0.132136
0.132143
0.132149
0.132156
0.132163
0.13217
0.132177
0.132184
0.132192
0.132199
0.132206
0.132214
0.132221
0.132228
0.132236
0.132244
0.132251
0.132259
0.132267
0.132275
0.132283
0.132291
0.132299
0.132307
0.132315
0.132324
0.132332
0.132341
0.132349
0.132358
0.132367
0.132375
0.132384
0.132393
0.132402
0.132412
0.132421
0.13243
0.13244
0.132449
0.132459
0.132468
0.132478
0.132488
0.132498
0.132508
0.132519
0.132529
0.132539
0.13255
0.132561
0.132571
0.132582
0.132593
0.132604
0.132616
0.132627
0.132638
0.13265
0.132662
0.132673
0.132685
0.132698
0.13271
0.132722
0.132735
0.132747
0.13276
0.132773
0.132786
0.132799
0.132813
0.132826
0.13284
0.132854
0.132868
0.132882
0.132896
0.13291
0.132925
0.13294
0.132955
0.13297
0.132985
0.133001
0.133016
0.133032
0.133048
0.133064
0.133081
0.133097
0.133114
0.133131
0.133148
0.133165
0.133183
0.133201
0.133219
0.133237
0.133255
0.133274
0.133293
0.133312
0.133331
0.133351
0.13337
0.13339
0.133411
0.133431
0.133452
0.133473
0.133494
0.133515
0.133537
0.133559
0.133581
0.133604
0.133627
0.13365
0.133673
0.133697
0.13372
0.133745
0.133769
0.133794
0.133819
0.133844
0.13387
0.133896
0.133922
0.133949
0.133976
0.134003
0.134031
0.134059
0.134087
0.134116
0.134145
0.134174
0.134204
0.134234
0.134265
0.134296
0.134327
0.134358
0.13439
0.134423
0.134456
0.134489
0.134522
0.134556
0.134591
0.134626
0.134661
0.134697
0.134733
0.13477
0.134807
0.134844
0.134882
0.134921
0.13496
0.134999
0.135039
0.135079
0.13512
0.135162
0.135204
0.135246
0.135289
0.135332
0.135376
0.135421
0.135466
0.135512
0.135558
0.135605
0.135652
0.1357
0.135749
0.135798
0.135848
0.135898
0.135949
0.136001
0.136053
0.136106
0.136159
0.136213
0.136268
0.136324
0.13638
0.136437
0.136495
0.136553
0.136612
0.136672
0.136732
0.136793
0.136855
0.136918
0.136981
0.137045
0.13711
0.137176
0.137242
0.13731
0.137378
0.137447
0.137517
0.137587
0.137659
0.137732
0.137805
0.137879
0.137954
0.13803
0.138107
0.138185
0.138264
0.138344
0.138425
0.138506
0.138589
0.138673
0.138758
0.138843
0.13893
0.139018
0.139107
0.139197
0.139288
0.13938
0.139473
0.139567
0.139663
0.139759
0.139857
0.139956
0.140056
0.140157
0.140259
0.140363
0.140468
0.140574
0.140681
0.14079
0.1409
0.141011
0.141123
0.141237
0.141352
0.141468
0.141586
0.141705
0.141826
0.141948
0.142071
0.142196
0.142322
0.14245
0.142579
0.14271
0.142842
0.142975
0.143111
0.143247
0.143386
0.143526
0.143667
0.14381
0.143955
0.144101
0.144249
0.144399
0.144551
0.144704
0.144859
0.145015
0.145174
0.145334
0.145496
0.14566
0.145825
0.145993
0.146162
0.146333
0.146507
0.146682
0.146859
0.147038
0.147219
0.147402
0.147587
0.147774
0.147963
0.148154
0.148348
0.148543
0.148741
0.148941
0.149143
0.149347
0.149553
0.149762
0.149973
0.150186
0.150401
0.150619
0.15084
0.151062
0.151287
0.151514
0.151744
0.151977
0.152211
0.152449
0.152688
0.152931
0.153176
0.153423
0.153673
0.153926
0.154182
0.154441
0.154704
0.154969
0.155238
0.15551
0.155785
0.156063
0.156344
0.156627
0.156914
0.157203
0.157496
0.157791
0.158089
0.158391
0.158695
0.159002
0.159312
0.159626
0.159942
0.160262
0.160585
0.160911
0.161242
0.161575
0.161913
0.162255
0.1626
0.16295
0.163303
0.163659
0.164019
0.164382
0.164748
0.165118
0.165491
0.165868
0.166248
0.166632
0.167019
0.16741
0.167805
0.168204
0.168609
0.169019
0.169433
0.169851
0.170273
0.170698
0.171128
0.171562
0.172002
0.172447
0.172897
0.17335
0.173808
0.17427
0.174736
0.175208
0.175685
0.176168
0.176656
0.177147
0.177643
0.178143
0.178648
0.179158
0.179675
0.180197
0.180724
0.181255
0.181791
0.182331
0.182878
0.183431
0.183991
0.184555
0.185123
0.185696
0.186274
0.186857
0.187446
0.188042
0.188646
0.189253
0.189865
0.190482
0.191105
0.191736
0.192375
0.193019
0.193669
0.194326
0.19499
0.195662
0.19634
0.197023
0.197713
0.198412
0.199118
0.199829
0.200546
0.201272
0.202006
0.202746
0.203492
0.204246
0.205008
0.205778
0.206554
0.207336
0.208127
0.208927
0.209734
0.210546
0.211367
0.212197
0.213035
0.213879
0.21473
0.21559
0.21646
0.217337
0.21822
0.219111
0.220012
0.220922
0.221839
0.222762
0.223693
0.224633
0.225581
0.226539
0.227507
0.228487
0.229477
0.230476
0.231486
0.232506
0.233535
0.234575
0.235625
0.236685
0.237755
0.238836
0.239927
0.241028
0.24214
0.243262
0.244395
0.245539
0.246694
0.247859
0.249035
0.250222
0.25142
0.252629
0.25385
0.255081
0.256324
0.257577
0.258843
0.26012
0.261408
0.262708
0.26402
0.265343
0.266678
0.268025
0.269384
0.270754
0.272138
0.273532
0.274933
0.276344
0.277769
0.279208
0.280663
0.282134
0.283619
0.285114
0.286623
0.288147
0.289684
0.291232
0.292797
0.294379
0.295978
0.297591
0.299216
0.300855
0.302509
0.304178
0.305859
0.307557
0.309272
0.311003
0.31275
0.314512
0.31629
0.318086
0.319896
0.32172
0.323561
0.325418
0.32729
0.329177
0.331085
0.333013
0.33496
0.336922
0.338899
0.340893
0.342905
0.344933
0.346977
0.349039
0.351119
0.353214
0.355329
0.357467
0.359627
0.361804
0.363998
0.366209
0.36844
0.370688
0.372953
0.375239
0.377544
0.379869
0.382212
0.384577
0.386964
0.389373
0.3918
0.394245
0.396711
0.399196
0.4017
0.404223
0.40677
0.409343
0.411939
0.414553
0.417186
0.41984
0.422516
0.425209
0.427922
0.430659
0.433415
0.436189
0.438988
0.441814
0.444666
0.447539
0.45043
0.453342
0.456278
0.459233
0.462207
0.465205
0.468225
0.471263
0.474323
0.47741
0.480521
0.483655
0.486809
0.489982
0.493173
0.496386
0.499624
0.502885
0.506167
0.509471
0.512799
0.516151
0.519525
0.522924
0.526346
0.52979
0.533255
0.536744
0.540257
0.543792
0.54735
0.550931
0.554535
0.558162
0.561812
0.565484
0.56918
0.572899
0.576639
0.580402
0.584188
0.587997
0.59183
0.595684
0.59956
0.603461
0.607386
0.611333
0.6153
0.619291
0.623308
0.627348
0.631408
0.635485
0.63958
0.643698
0.64784
0.652005
0.656192
0.660397
0.664621
0.668866
0.673132
0.67742
0.681732
0.686064
0.690416
0.694785
0.699173
0.703582
0.708014
0.712468
0.716944
0.721441
0.725953
0.730482
0.735029
0.739596
0.744188
0.748805
0.753444
0.758101
0.762773
0.767458
0.772159
0.776874
0.781604
0.78635
0.791111
0.79589
0.800685
0.805498
0.810327
0.815172
0.820034
0.824913
0.829809
0.834723
0.839657
0.84461
0.849581
0.854566
0.859562
0.864566
0.869581
0.874608
0.87965
0.884707
0.889774
0.89485
0.89994
0.905045
0.910165
0.9153
0.92045
0.925614
0.930789
0.935975
0.941173
0.946383
0.95161
0.956859
0.962123
0.967378
0.972602
0.977801
0.983005
0.988249
0.993557
0.998937
1.00437
1.00983
1.01525
1.02061
1.02589
1.03114
1.03639
1.0417
1.04705
1.05246
1.05792
1.06342
1.06895
1.07449
1.08004
1.08558
1.09112
1.09668
1.10226
1.10785
1.11346
1.11908
1.12472
1.13037
1.13606
1.14178
1.14752
1.15328
1.15907
1.16486
1.17069
1.17655
1.18244
1.18837
1.19432
1.20029
1.20629
1.21231
1.21837
1.22447
1.23059
1.23674
1.24291
1.2491
1.25533
1.26159
1.26788
1.27421
1.28055
1.28692
1.29331
1.29973
1.30619
1.31268
1.3192
1.32573
1.33228
1.33885
1.34544
1.35207
1.35872
1.36538
1.37205
1.37873
1.38543
1.39215
1.39889
1.40564
1.41239
1.41915
1.42592
1.43269
1.43949
1.44629
1.45311
1.45992
1.46673
1.47354
1.48036
1.48719
1.49402
1.50086
1.50769
1.51451
1.52133
1.52816
1.53499
1.54182
1.54864
1.55545
1.56226
1.56906
1.57586
1.58267
1.58947
1.59625
1.60303
1.60979
1.61655
1.6233
1.63005
1.63679
1.64352
1.65023
1.65693
1.66362
1.67031
1.67698
1.68365
1.69029
1.69692
1.70354
1.71014
1.71674
1.72333
1.7299
1.73645
1.74298
1.7495
1.75601
1.76251
1.769
1.77547
1.78192
1.78835
1.79476
1.80117
1.80757
1.81395
1.82031
1.82665
1.83298
1.83929
1.84559
1.85188
1.85815
1.8644
1.87063
1.87685
1.88305
1.88924
1.89542
1.90159
1.90773
1.91385
1.91996
1.92605
1.93214
1.93821
1.94426
1.9503
1.95631
1.96231
1.9683
1.97428
1.98024
1.98618
1.99211
1.99802
2.00391
2.00979
2.01566
2.02151
2.02735
2.03316
2.03896
2.04474
2.05051
2.05627
2.06202
2.06774
2.07344
2.07913
2.0848
2.09046
2.09611
2.10173
2.10734
2.11293
2.1185
2.12406
2.1296
2.13513
2.14064
2.14613
2.1516
2.15705
2.16249
2.16792
2.17333
2.17872
2.1841
2.18945
2.19479
2.20012
2.20543
2.21073
2.21601
2.22128
2.22653
2.23177
2.23699
2.24221
2.24741
2.2526
2.25777
2.26293
2.26808
2.27323
2.27837
2.28349
2.28861
2.29372
2.29882
2.30391
2.30901
2.3141
2.31918
2.32426
2.32934
2.33441
2.33949
2.34456
2.34964
2.35472
2.35979
2.36487
2.36995
2.37504
2.38014
2.38524
2.39034
2.39545
2.40057
2.40569
2.41083
2.41597
2.42113
2.4263
2.43148
2.43666
2.44186
2.44707
2.45229
2.45752
2.46275
2.468
2.47326
2.47852
2.48379
2.48907
2.49436
2.49966
2.50496
2.51027
2.5156
2.52093
2.52627
2.53162
2.53699
2.54235
2.54773
2.55312
2.55851
2.56391
2.56931
2.57471
2.58011
2.58549
2.59085
2.59621
2.60154
2.60685
2.61214
2.6174
2.62265
2.62787
2.63307
2.63825
2.64341
2.64854
2.65366
2.65875
2.66383
2.6689
2.67396
2.67901
2.68405
2.68911
2.69422
2.6994
2.70464
2.70994
2.71529
2.72059
2.72571
2.73059
2.73522
2.73959
2.74371
2.7476
2.75126
2.7547
2.75792
2.76095
2.7638
2.76648
2.76899
2.77132
2.77345
2.77532
2.77691
2.77816
2.7791
2.7798
2.78033
2.78072
2.78091
2.78087
2.78059
2.78005
2.77922
2.7781
2.77666
2.77489
2.77276
2.77027
2.76738
2.76407
2.76032
2.75608
2.75135
2.7461
2.74034
2.73407
2.72731
2.72006
2.71237
2.70431
2.69597
2.68737
2.67855
2.66954
2.66035
2.65102
2.64157
2.63204
2.62244
2.6128
2.60312
2.59338
2.58351
2.57337
2.56296
2.55246
2.542
2.53164
2.52141
2.5113
2.50123
2.49105
2.48073
2.47042
2.46034
2.45066
2.44147
2.43281
2.42462
2.41688
2.40957
2.40276
2.39646
2.39063
2.38523
2.38023
2.37561
2.37134
2.36741
2.36382
2.36056
2.35763
2.355
2.35268
2.35061
2.3488
2.34722
2.3459
2.34489
2.34418
2.34375
2.34358
2.34366
2.34399
2.34456
2.34537
2.34641
2.34768
2.34916
2.35086
2.35276
2.35487
2.35717
2.35964
2.36227
2.36504
2.36795
2.37097
2.37409
2.3773
2.38057
2.38389
2.38723
2.39059
2.39394
2.39729
2.40069
2.40425
2.408
2.41185
2.41575
2.41966
2.42359
2.42764
2.43184
2.43612
2.44036
2.44448
2.44847
2.45233
2.45606
2.45967
2.46317
2.46657
2.46986
2.47305
2.47614
2.47913
2.48202
2.48479
2.48745
2.48997
2.49236
2.49462
2.49675
2.49875
2.50064
2.50241
2.50408
2.50562
2.50696
2.50783
2.50809

