2920.39
2920.39
2920.39
2920.39
2920.39
2920.39
2920.39
2920.39
2920.39
2920.39
2920.39
2920.39
2920.39
2920.39
2920.39
2920.39
2920.39
2920.39
2920.39
2920.39
2920.39
2920.39
2920.39
2920.39
2920.39
2920.39
2920.39
2920.39
2920.39
2920.39
2920.39
2920.39
2920.39
2920.39
2920.39
2920.39
2920.39
2920.39
2920.39
2920.39
2920.39
2920.39
2920.39
2920.39
2920.39
2920.39
2920.39
2920.39
2920.39
2920.39
2920.39
2920.39
2920.39
2920.39
2920.39
2920.39
2920.39
2920.39
2920.39
2920.39
2920.39
2920.39
2920.38
2920.38
2920.38
2920.38
2920.38
2920.38
2920.38
2920.38
2920.38
2920.38
2920.38
2920.38
2920.38
2920.38
2920.38
2920.38
2920.38
2920.38
2920.38
2920.38
2920.38
2920.38
2920.38
2920.38
2920.38
2920.38
2920.38
2920.38
2920.38
2920.38
2920.38
2920.38
2920.38
2920.38
2920.38
2920.38
2920.38
2920.38
2920.38
2920.38
2920.38
2920.38
2920.38
2920.38
2920.38
2920.38
2920.38
2920.38
2920.38
2920.38
2920.37
2920.37
2920.37
2920.37
2920.37
2920.37
2920.37
2920.37
2920.37
2920.37
2920.37
2920.37
2920.37
2920.37
2920.37
2920.37
2920.37
2920.37
2920.37
2920.37
2920.37
2920.37
2920.37
2920.37
2920.37
2920.37
2920.37
2920.37
2920.37
2920.37
2920.37
2920.37
2920.37
2920.37
2920.37
2920.37
2920.37
2920.37
2920.37
2920.36
2920.36
2920.36
2920.36
2920.36
2920.36
2920.36
2920.36
2920.36
2920.36
2920.36
2920.36
2920.36
2920.36
2920.36
2920.36
2920.36
2920.36
2920.36
2920.36
2920.36
2920.36
2920.36
2920.36
2920.36
2920.36
2920.36
2920.36
2920.36
2920.36
2920.36
2920.36
2920.36
2920.36
2920.36
2920.36
2920.36
2920.35
2920.35
2920.35
2920.35
2920.35
2920.35
2920.35
2920.35
2920.35
2920.35
2920.35
2920.35
2920.35
2920.35
2920.35
2920.35
2920.35
2920.35
2920.35
2920.35
2920.35
2920.35
2920.35
2920.35
2920.35
2920.35
2920.35
2920.35
2920.35
2920.35
2920.35
2920.35
2920.35
2920.35
2920.35
2920.35
2920.34
2920.34
2920.34
2920.34
2920.34
2920.34
2920.34
2920.34
2920.34
2920.34
2920.34
2920.34
2920.34
2920.34
2920.34
2920.34
2920.34
2920.34
2920.34
2920.34
2920.34
2920.34
2920.34
2920.34
2920.34
2920.34
2920.34
2920.34
2920.34
2920.34
2920.34
2920.34
2920.34
2920.34
2920.34
2920.34
2920.33
2920.33
2920.33
2920.33
2920.33
2920.33
2920.33
2920.33
2920.33
2920.33
2920.33
2920.33
2920.33
2920.33
2920.33
2920.33
2920.33
2920.33
2920.33
2920.33
2920.33
2920.33
2920.33
2920.33
2920.33
2920.33
2920.33
2920.33
2920.33
2920.33
2920.33
2920.33
2920.33
2920.33
2920.33
2920.33
2920.33
2920.33
2920.32
2920.32
2920.32
2920.32
2920.32
2920.32
2920.32
2920.32
2920.32
2920.32
2920.32
2920.32
2920.32
2920.32
2920.32
2920.32
2920.32
2920.32
2920.32
2920.32
2920.32
2920.32
2920.32
2920.32
2920.32
2920.32
2920.32
2920.32
2920.32
2920.32
2920.32
2920.32
2920.32
2920.32
2920.32
2920.32
2920.32
2920.31
2920.31
2920.31
2920.31
2920.31
2920.31
2920.31
2920.31
2920.31
2920.31
2920.31
2920.31
2920.31
2920.31
2920.31
2920.31
2920.31
2920.31
2920.31
2920.31
2920.31
2920.31
2920.31
2920.31
2920.31
2920.31
2920.31
2920.31
2920.31
2920.31
2920.31
2920.31
2920.31
2920.31
2920.31
2920.31
2920.31
2920.31
2920.31
2920.3
2920.3
2920.3
2920.3
2920.3
2920.3
2920.3
2920.3
2920.3
2920.3
2920.3
2920.3
2920.3
2920.3
2920.3
2920.3
2920.3
2920.3
2920.3
2920.3
2920.3
2920.3
2920.3
2920.3
2920.3
2920.3
2920.3
2920.3
2920.3
2920.3
2920.3
2920.3
2920.3
2920.3
2920.3
2920.3
2920.3
2920.3
2920.29
2920.29
2920.29
2920.29
2920.29
2920.29
2920.29
2920.29
2920.29
2920.29
2920.29
2920.29
2920.29
2920.29
2920.29
2920.29
2920.29
2920.29
2920.29
2920.29
2920.29
2920.29
2920.29
2920.29
2920.29
2920.29
2920.29
2920.29
2920.29
2920.29
2920.29
2920.29
2920.29
2920.29
2920.29
2920.29
2920.29
2920.29
2920.28
2920.28
2920.28
2920.28
2920.28
2920.28
2920.28
2920.28
2920.28
2920.28
2920.28
2920.28
2920.28
2920.28
2920.28
2920.28
2920.28
2920.28
2920.28
2920.28
2920.28
2920.28
2920.28
2920.28
2920.28
2920.28
2920.28
2920.28
2920.28
2920.28
2920.28
2920.28
2920.28
2920.28
2920.28
2920.27
2920.27
2920.27
2920.27
2920.27
2920.27
2920.27
2920.27
2920.27
2920.27
2920.27
2920.27
2920.27
2920.27
2920.27
2920.27
2920.27
2920.27
2920.27
2920.27
2920.27
2920.27
2920.27
2920.27
2920.27
2920.27
2920.27
2920.27
2920.27
2920.27
2920.27
2920.26
2920.26
2920.26
2920.26
2920.26
2920.26
2920.26
2920.26
2920.26
2920.26
2920.26
2920.26
2920.26
2920.26
2920.26
2920.26
2920.26
2920.26
2920.26
2920.26
2920.26
2920.26
2920.26
2920.26
2920.26
2920.26
2920.26
2920.26
2920.25
2920.25
2920.25
2920.25
2920.25
2920.25
2920.25
2920.25
2920.25
2920.25
2920.25
2920.25
2920.25
2920.25
2920.25
2920.25
2920.25
2920.25
2920.25
2920.25
2920.25
2920.25
2920.25
2920.25
2920.24
2920.24
2920.24
2920.24
2920.24
2920.24
2920.24
2920.24
2920.24
2920.24
2920.24
2920.24
2920.24
2920.24
2920.24
2920.24
2920.24
2920.24
2920.24
2920.24
2920.23
2920.23
2920.23
2920.23
2920.23
2920.23
2920.23
2920.23
2920.23
2920.23
2920.23
2920.23
2920.23
2920.23
2920.23
2920.23
2920.23
2920.23
2920.22
2920.22
2920.22
2920.22
2920.22
2920.22
2920.22
2920.22
2920.22
2920.22
2920.22
2920.22
2920.22
2920.22
2920.22
2920.21
2920.21
2920.21
2920.21
2920.21
2920.21
2920.21
2920.21
2920.21
2920.21
2920.21
2920.21
2920.21
2920.2
2920.2
2920.2
2920.2
2920.2
2920.2
2920.2
2920.2
2920.2
2920.2
2920.2
2920.2
2920.19
2920.19
2920.19
2920.19
2920.19
2920.19
2920.19
2920.19
2920.19
2920.19
2920.18
2920.18
2920.18
2920.18
2920.18
2920.18
2920.18
2920.18
2920.18
2920.17
2920.17
2920.17
2920.17
2920.17
2920.17
2920.17
2920.17
2920.16
2920.16
2920.16
2920.16
2920.16
2920.16
2920.16
2920.16
2920.15
2920.15
2920.15
2920.15
2920.15
2920.15
2920.15
2920.14
2920.14
2920.14
2920.14
2920.14
2920.14
2920.13
2920.13
2920.13
2920.13
2920.13
2920.13
2920.12
2920.12
2920.12
2920.12
2920.12
2920.12
2920.11
2920.11
2920.11
2920.11
2920.11
2920.1
2920.1
2920.1
2920.1
2920.1
2920.09
2920.09
2920.09
2920.09
2920.08
2920.08
2920.08
2920.08
2920.08
2920.07
2920.07
2920.07
2920.07
2920.06
2920.06
2920.06
2920.06
2920.05
2920.05
2920.05
2920.05
2920.04
2920.04
2920.04
2920.03
2920.03
2920.03
2920.03
2920.02
2920.02
2920.02
2920.01
2920.01
2920.01
2920
2920
2920
2919.99
2919.99
2919.99
2919.98
2919.98
2919.98
2919.97
2919.97
2919.97
2919.96
2919.96
2919.95
2919.95
2919.95
2919.94
2919.94
2919.93
2919.93
2919.93
2919.92
2919.92
2919.91
2919.91
2919.9
2919.9
2919.9
2919.89
2919.89
2919.88
2919.88
2919.87
2919.87
2919.86
2919.86
2919.85
2919.85
2919.84
2919.84
2919.83
2919.82
2919.82
2919.81
2919.81
2919.8
2919.8
2919.79
2919.78
2919.78
2919.77
2919.77
2919.76
2919.75
2919.75
2919.74
2919.73
2919.73
2919.72
2919.71
2919.71
2919.7
2919.69
2919.69
2919.68
2919.67
2919.66
2919.66
2919.65
2919.64
2919.63
2919.62
2919.62
2919.61
2919.6
2919.59
2919.58
2919.57
2919.57
2919.56
2919.55
2919.54
2919.53
2919.52
2919.51
2919.5
2919.49
2919.48
2919.47
2919.46
2919.45
2919.44
2919.43
2919.42
2919.41
2919.4
2919.39
2919.38
2919.37
2919.36
2919.35
2919.33
2919.32
2919.31
2919.3
2919.29
2919.27
2919.26
2919.25
2919.24
2919.22
2919.21
2919.2
2919.18
2919.17
2919.16
2919.14
2919.13
2919.11
2919.1
2919.09
2919.07
2919.06
2919.04
2919.02
2919.01
2918.99
2918.98
2918.96
2918.95
2918.93
2918.91
2918.9
2918.88
2918.86
2918.84
2918.83
2918.81
2918.79
2918.77
2918.75
2918.73
2918.71
2918.7
2918.68
2918.66
2918.64
2918.62
2918.6
2918.57
2918.55
2918.53
2918.51
2918.49
2918.47
2918.44
2918.42
2918.4
2918.38
2918.35
2918.33
2918.3
2918.28
2918.25
2918.23
2918.2
2918.18
2918.15
2918.13
2918.1
2918.07
2918.04
2918.02
2917.99
2917.96
2917.93
2917.9
2917.87
2917.84
2917.81
2917.78
2917.75
2917.72
2917.69
2917.66
2917.62
2917.59
2917.56
2917.52
2917.49
2917.45
2917.42
2917.38
2917.35
2917.31
2917.27
2917.24
2917.2
2917.16
2917.12
2917.08
2917.04
2917
2916.96
2916.92
2916.88
2916.84
2916.8
2916.75
2916.71
2916.67
2916.62
2916.57
2916.53
2916.48
2916.43
2916.39
2916.34
2916.29
2916.24
2916.19
2916.14
2916.09
2916.03
2915.98
2915.93
2915.87
2915.82
2915.76
2915.7
2915.65
2915.59
2915.53
2915.47
2915.41
2915.35
2915.29
2915.23
2915.16
2915.1
2915.03
2914.97
2914.9
2914.83
2914.77
2914.7
2914.63
2914.56
2914.48
2914.41
2914.34
2914.26
2914.19
2914.11
2914.03
2913.95
2913.87
2913.79
2913.71
2913.63
2913.54
2913.46
2913.37
2913.28
2913.19
2913.1
2913.01
2912.92
2912.83
2912.73
2912.63
2912.54
2912.44
2912.34
2912.24
2912.13
2912.03
2911.92
2911.82
2911.71
2911.6
2911.49
2911.37
2911.26
2911.14
2911.03
2910.91
2910.79
2910.67
2910.54
2910.42
2910.29
2910.16
2910.03
2909.9
2909.77
2909.63
2909.49
2909.35
2909.21
2909.06
2908.92
2908.77
2908.62
2908.47
2908.31
2908.16
2908
2907.84
2907.67
2907.51
2907.34
2907.17
2907
2906.82
2906.64
2906.46
2906.28
2906.09
2905.91
2905.72
2905.52
2905.33
2905.13
2904.93
2904.72
2904.52
2904.31
2904.09
2903.88
2903.66
2903.44
2903.21
2902.99
2902.76
2902.52
2902.29
2902.05
2901.8
2901.56
2901.31
2901.05
2900.79
2900.53
2900.27
2900
2899.73
2899.45
2899.17
2898.88
2898.59
2898.3
2898
2897.7
2897.39
2897.08
2896.77
2896.45
2896.12
2895.79
2895.46
2895.12
2894.78
2894.43
2894.07
2893.72
2893.35
2892.98
2892.61
2892.23
2891.84
2891.45
2891.06
2890.65
2890.25
2889.83
2889.41
2888.99
2888.56
2888.12
2887.67
2887.22
2886.76
2886.3
2885.83
2885.35
2884.87
2884.38
2883.88
2883.37
2882.86
2882.34
2881.81
2881.28
2880.74
2880.19
2879.63
2879.06
2878.49
2877.91
2877.32
2876.72
2876.11
2875.49
2874.87
2874.24
2873.59
2872.94
2872.28
2871.61
2870.94
2870.25
2869.55
2868.85
2868.13
2867.4
2866.67
2865.92
2865.16
2864.4
2863.62
2862.83
2862.04
2861.23
2860.41
2859.58
2858.74
2857.89
2857.03
2856.15
2855.27
2854.37
2853.47
2852.55
2851.62
2850.67
2849.72
2848.75
2847.77
2846.78
2845.78
2844.76
2843.73
2842.69
2841.63
2840.56
2839.48
2838.39
2837.28
2836.16
2835.02
2833.87
2832.71
2831.53
2830.34
2829.14
2827.92
2826.68
2825.43
2824.17
2822.89
2821.6
2820.3
2818.97
2817.64
2816.28
2814.92
2813.53
2812.14
2810.72
2809.29
2807.85
2806.4
2804.92
2803.43
2801.93
2800.41
2798.87
2797.32
2795.75
2794.17
2792.57
2790.95
2789.32
2787.67
2786.01
2784.33
2782.63
2780.92
2779.19
2777.44
2775.68
2773.9
2772.11
2770.3
2768.47
2766.62
2764.76
2762.88
2760.98
2759.07
2757.14
2755.2
2753.24
2751.27
2749.28
2747.27
2745.25
2743.22
2741.16
2739.09
2737.01
2734.9
2732.79
2730.65
2728.5
2726.32
2724.13
2721.93
2719.71
2717.48
2715.23
2712.97
2710.7
2708.4
2706.1
2703.78
2701.44
2699.09
2696.72
2694.34
2691.94
2689.52
2687.09
2684.65
2682.19
2679.72
2677.23
2674.72
2672.19
2669.66
2667.13
2664.61
2662.08
2659.51
2656.91
2654.27
2651.58
2648.88
2646.19
2643.52
2640.88
2638.25
2635.6
2632.93
2630.21
2627.47
2624.69
2621.88
2619.04
2616.19
2613.34
2610.47
2607.59
2604.7
2601.8
2598.87
2595.93
2592.97
2590
2587.01
2583.99
2580.95
2577.89
2574.81
2571.71
2568.6
2565.46
2562.29
2559.1
2555.89
2552.65
2549.39
2546.12
2542.81
2539.48
2536.13
2532.75
2529.34
2525.93
2522.48
2519.02
2515.52
2512
2508.45
2504.89
2501.31
2497.7
2494.07
2490.41
2486.73
2483.02
2479.3
2475.56
2471.8
2468.02
2464.22
2460.39
2456.55
2452.7
2448.84
2444.96
2441.06
2437.15
2433.22
2429.28
2425.33
2421.38
2417.41
2413.42
2409.42
2405.42
2401.41
2397.39
2393.37
2389.34
2385.29
2381.24
2377.19
2373.13
2369.07
2365.01
2360.95
2356.87
2352.79
2348.71
2344.64
2340.56
2336.49
2332.41
2328.32
2324.24
2320.16
2316.08
2312.01
2307.94
2303.86
2299.79
2295.72
2291.66
2287.6
2283.55
2279.5
2275.46
2271.42
2267.38
2263.35
2259.33
2255.32
2251.31
2247.31
2243.31
2239.32
2235.34
2231.38
2227.42
2223.46
2219.51
2215.57
2211.63
2207.71
2203.8
2199.9
2196.01
2192.12
2188.24
2184.37
2180.51
2176.67
2172.83
2169
2165.18
2161.37
2157.57
2153.79
2150.01
2146.24
2142.49
2138.73
2134.99
2131.27
2127.55
2123.85
2120.16
2116.47
2112.79
2109.13
2105.48
2101.84
2098.21
2094.59
2090.97
2087.37
2083.78
2080.21
2076.64
2073.09
2069.55
2066.01
2062.49
2058.97
2055.48
2051.99
2048.52
2045.05
2041.6
2038.15
2034.72
2031.3
2027.9
2024.51
2021.12
2017.75
2014.39
2011.04
2007.71
2004.39
2001.08
1997.78
1994.49
1991.22
1987.96
1984.71
1981.48
1978.25
1975.04
1971.84
1968.65
1965.47
1962.31
1959.16
1956.02
1952.89
1949.77
1946.67
1943.57
1940.49
1937.42
1934.35
1931.3
1928.26
1925.22
1922.2
1919.19
1916.18
1913.19
1910.19
1907.21
1904.24
1901.27
1898.31
1895.36
1892.41
1889.47
1886.53
1883.59
1880.66
1877.74
1874.82
1871.9
1868.98
1866.06
1863.15
1860.24
1857.33
1854.42
1851.51
1848.6
1845.68
1842.77
1839.86
1836.95
1834.03
1831.11
1828.19
1825.26
1822.33
1819.4
1816.47
1813.54
1810.6
1807.66
1804.71
1801.77
1798.82
1795.88
1792.93
1789.98
1787.02
1784.07
1781.12
1778.17
1775.21
1772.26
1769.3
1766.34
1763.37
1760.41
1757.45
1754.48
1751.52
1748.55
1745.59
1742.63
1739.68
1736.74
1733.81
1730.9
1728
1725.11
1722.24
1719.39
1716.55
1713.72
1710.92
1708.12
1705.35
1702.59
1699.84
1697.1
1694.38
1691.67
1688.97
1686.28
1683.59
1680.9
1678.18
1675.43
1672.65
1669.85
1667.02
1664.22
1661.52
1658.95
1656.52
1654.23
1652.06
1650.03
1648.11
1646.32
1644.63
1643.05
1641.57
1640.17
1638.86
1637.65
1636.54
1635.57
1634.75
1634.09
1633.61
1633.25
1632.97
1632.77
1632.67
1632.69
1632.83
1633.12
1633.54
1634.13
1634.88
1635.8
1636.9
1638.2
1639.71
1641.43
1643.39
1645.6
1648.08
1650.83
1653.85
1657.14
1660.7
1664.52
1668.59
1672.85
1677.27
1681.84
1686.54
1691.36
1696.27
1701.28
1706.36
1711.5
1716.69
1721.91
1727.16
1732.46
1737.85
1743.39
1749.1
1754.87
1760.64
1766.36
1772.02
1777.63
1783.23
1788.91
1794.67
1800.44
1806.1
1811.55
1816.72
1821.61
1826.24
1830.63
1834.78
1838.64
1842.23
1845.55
1848.63
1851.49
1854.13
1856.57
1858.82
1860.88
1862.75
1864.43
1865.94
1867.28
1868.46
1869.51
1870.42
1871.18
1871.76
1872.17
1872.42
1872.52
1872.47
1872.28
1871.95
1871.49
1870.88
1870.15
1869.3
1868.32
1867.23
1866.02
1864.7
1863.28
1861.77
1860.18
1858.52
1856.79
1855
1853.17
1851.3
1849.41
1847.5
1845.59
1843.68
1841.77
1839.84
1837.81
1835.68
1833.5
1831.28
1829.07
1826.84
1824.55
1822.17
1819.76
1817.37
1815.04
1812.8
1810.62
1808.53
1806.5
1804.53
1802.63
1800.78
1798.99
1797.26
1795.59
1793.98
1792.43
1790.95
1789.54
1788.21
1786.95
1785.77
1784.65
1783.6
1782.62
1781.69
1.78E+03
1.78E+03
1.78E+03
1.78E+03

