2924.71
2924.71
2924.71
2924.71
2924.71
2924.71
2924.71
2924.71
2924.71
2924.71
2924.71
2924.71
2924.71
2924.7
2924.7
2924.7
2924.7
2924.7
2924.7
2924.69
2924.69
2924.69
2924.69
2924.69
2924.7
2924.7
2924.7
2924.7
2924.7
2924.7
2924.71
2924.71
2924.71
2924.71
2924.72
2924.72
2924.72
2924.72
2924.72
2924.73
2924.73
2924.73
2924.73
2924.73
2924.74
2924.74
2924.74
2924.74
2924.74
2924.74
2924.75
2924.75
2924.75
2924.75
2924.75
2924.75
2924.75
2924.75
2924.76
2924.76
2924.76
2924.76
2924.76
2924.76
2924.76
2924.76
2924.76
2924.76
2924.76
2924.76
2924.76
2924.77
2924.77
2924.77
2924.77
2924.77
2924.77
2924.77
2924.77
2924.77
2924.77
2924.77
2924.77
2924.77
2924.77
2924.77
2924.77
2924.77
2924.78
2924.78
2924.78
2924.78
2924.78
2924.78
2924.78
2924.78
2924.78
2924.78
2924.78
2924.78
2924.78
2924.78
2924.78
2924.78
2924.78
2924.78
2924.78
2924.78
2924.78
2924.78
2924.78
2924.79
2924.79
2924.79
2924.79
2924.79
2924.79
2924.79
2924.79
2924.79
2924.79
2924.79
2924.79
2924.79
2924.79
2924.79
2924.79
2924.79
2924.79
2924.79
2924.79
2924.79
2924.79
2924.79
2924.79
2924.79
2924.79
2924.79
2924.79
2924.79
2924.79
2924.8
2924.8
2924.8
2924.8
2924.8
2924.8
2924.8
2924.8
2924.8
2924.8
2924.8
2924.8
2924.8
2924.8
2924.8
2924.8
2924.8
2924.8
2924.8
2924.8
2924.8
2924.8
2924.8
2924.8
2924.8
2924.8
2924.8
2924.8
2924.8
2924.8
2924.8
2924.8
2924.8
2924.8
2924.8
2924.8
2924.8
2924.8
2924.8
2924.8
2924.81
2924.81
2924.81
2924.81
2924.81
2924.81
2924.81
2924.81
2924.81
2924.81
2924.81
2924.81
2924.81
2924.81
2924.81
2924.81
2924.81
2924.81
2924.81
2924.81
2924.81
2924.81
2924.81
2924.81
2924.81
2924.81
2924.81
2924.81
2924.81
2924.81
2924.81
2924.81
2924.81
2924.81
2924.81
2924.81
2924.81
2924.81
2924.81
2924.81
2924.81
2924.81
2924.81
2924.81
2924.81
2924.81
2924.81
2924.81
2924.81
2924.81
2924.81
2924.81
2924.81
2924.81
2924.81
2924.81
2924.81
2924.81
2924.82
2924.82
2924.82
2924.82
2924.82
2924.82
2924.82
2924.82
2924.82
2924.82
2924.82
2924.82
2924.82
2924.82
2924.82
2924.82
2924.82
2924.82
2924.82
2924.82
2924.82
2924.82
2924.82
2924.82
2924.82
2924.82
2924.82
2924.82
2924.82
2924.82
2924.82
2924.82
2924.82
2924.82
2924.82
2924.82
2924.82
2924.82
2924.82
2924.82
2924.82
2924.82
2924.82
2924.82
2924.82
2924.82
2924.82
2924.82
2924.82
2924.82
2924.82
2924.82
2924.82
2924.82
2924.82
2924.82
2924.82
2924.82
2924.82
2924.82
2924.82
2924.82
2924.82
2924.82
2924.82
2924.82
2924.82
2924.82
2924.82
2924.82
2924.82
2924.82
2924.82
2924.82
2924.82
2924.82
2924.82
2924.82
2924.82
2924.82
2924.82
2924.82
2924.82
2924.82
2924.82
2924.82
2924.82
2924.82
2924.82
2924.82
2924.82
2924.82
2924.82
2924.82
2924.82
2924.82
2924.83
2924.83
2924.83
2924.83
2924.83
2924.83
2924.83
2924.83
2924.83
2924.83
2924.83
2924.83
2924.83
2924.83
2924.83
2924.83
2924.83
2924.83
2924.83
2924.83
2924.83
2924.83
2924.83
2924.83
2924.83
2924.83
2924.83
2924.83
2924.83
2924.83
2924.83
2924.83
2924.83
2924.83
2924.83
2924.83
2924.83
2924.83
2924.83
2924.83
2924.83
2924.83
2924.83
2924.83
2924.83
2924.83
2924.83
2924.83
2924.83
2924.83
2924.83
2924.83
2924.83
2924.83
2924.83
2924.83
2924.83
2924.83
2924.83
2924.83
2924.83
2924.83
2924.83
2924.83
2924.83
2924.83
2924.83
2924.83
2924.83
2924.83
2924.83
2924.83
2924.83
2924.83
2924.83
2924.83
2924.83
2924.83
2924.83
2924.83
2924.83
2924.83
2924.83
2924.83
2924.83
2924.83
2924.83
2924.83
2924.83
2924.83
2924.83
2924.83
2924.83
2924.83
2924.83
2924.83
2924.83
2924.83
2924.83
2924.83
2924.83
2924.83
2924.83
2924.83
2924.83
2924.83
2924.83
2924.83
2924.83
2924.83
2924.83
2924.83
2924.83
2924.83
2924.83
2924.83
2924.83
2924.83
2924.83
2924.83
2924.83
2924.83
2924.83
2924.83
2924.83
2924.83
2924.83
2924.83
2924.83
2924.83
2924.83
2924.83
2924.83
2924.83
2924.83
2924.83
2924.83
2924.83
2924.83
2924.83
2924.83
2924.83
2924.83
2924.83
2924.83
2924.83
2924.83
2924.83
2924.83
2924.83
2924.83
2924.83
2924.83
2924.83
2924.83
2924.83
2924.83
2924.83
2924.83
2924.83
2924.83
2924.83
2924.83
2924.83
2924.83
2924.83
2924.83
2924.83
2924.83
2924.83
2924.83
2924.83
2924.83
2924.83
2924.83
2924.83
2924.83
2924.83
2924.83
2924.83
2924.83
2924.83
2924.83
2924.83
2924.83
2924.83
2924.83
2924.83
2924.83
2924.83
2924.83
2924.83
2924.83
2924.83
2924.83
2924.83
2924.83
2924.83
2924.83
2924.83
2924.83
2924.83
2924.83
2924.84
2924.84
2924.84
2924.84
2924.84
2924.84
2924.84
2924.84
2924.84
2924.84
2924.84
2924.84
2924.84
2924.84
2924.84
2924.84
2924.84
2924.84
2924.84
2924.84
2924.84
2924.84
2924.84
2924.84
2924.84
2924.84
2924.84
2924.84
2924.84
2924.84
2924.84
2924.84
2924.84
2924.84
2924.84
2924.84
2924.84
2924.84
2924.84
2924.84
2924.84
2924.84
2924.84
2924.84
2924.84
2924.84
2924.84
2924.84
2924.84
2924.84
2924.84
2924.84
2924.84
2924.84
2924.84
2924.84
2924.84
2924.84
2924.84
2924.84
2924.84
2924.84
2924.84
2924.84
2924.84
2924.84
2924.84
2924.84
2924.84
2924.84
2924.84
2924.84
2924.84
2924.84
2924.84
2924.84
2924.84
2924.84
2924.84
2924.84
2924.84
2924.84
2924.84
2924.84
2924.84
2924.84
2924.84
2924.84
2924.84
2924.84
2924.84
2924.84
2924.84
2924.84
2924.84
2924.84
2924.84
2924.84
2924.84
2924.84
2924.84
2924.84
2924.84
2924.84
2924.84
2924.84
2924.84
2924.84
2924.84
2924.84
2924.84
2924.84
2924.84
2924.84
2924.84
2924.84
2924.84
2924.84
2924.84
2924.84
2924.84
2924.84
2924.84
2924.84
2924.84
2924.84
2924.84
2924.84
2924.84
2924.84
2924.84
2924.84
2924.84
2924.84
2924.84
2924.84
2924.84
2924.84
2924.84
2924.84
2924.84
2924.84
2924.84
2924.84
2924.84
2924.84
2924.84
2924.84
2924.84
2924.84
2924.84
2924.84
2924.84
2924.84
2924.84
2924.84
2924.84
2924.84
2924.84
2924.84
2924.84
2924.84
2924.84
2924.84
2924.84
2924.84
2924.84
2924.84
2924.84
2924.84
2924.84
2924.84
2924.84
2924.84
2924.84
2924.84
2924.84
2924.84
2924.84
2924.84
2924.84
2924.84
2924.84
2924.84
2924.84
2924.84
2924.84
2924.84
2924.84
2924.84
2924.84
2924.84
2924.84
2924.84
2924.84
2924.84
2924.84
2924.84
2924.84
2924.84
2924.84
2924.84
2924.84
2924.84
2924.84
2924.84
2924.84
2924.84
2924.84
2924.84
2924.84
2924.84
2924.84
2924.84
2924.84
2924.84
2924.84
2924.84
2924.85
2924.85
2924.85
2924.85
2924.85
2924.85
2924.85
2924.85
2924.85
2924.85
2924.85
2924.85
2924.85
2924.85
2924.85
2924.85
2924.85
2924.85
2924.85
2924.85
2924.85
2924.85
2924.85
2924.85
2924.85
2924.85
2924.85
2924.85
2924.85
2924.85
2924.85
2924.85
2924.85
2924.85
2924.85
2924.85
2924.85
2924.85
2924.85
2924.85
2924.85
2924.85
2924.85
2924.85
2924.85
2924.85
2924.85
2924.85
2924.85
2924.85
2924.85
2924.85
2924.86
2924.86
2924.86
2924.86
2924.86
2924.86
2924.86
2924.86
2924.86
2924.86
2924.86
2924.86
2924.86
2924.86
2924.86
2924.86
2924.86
2924.86
2924.86
2924.86
2924.86
2924.86
2924.86
2924.86
2924.86
2924.86
2924.86
2924.86
2924.87
2924.87
2924.87
2924.87
2924.87
2924.87
2924.87
2924.87
2924.87
2924.87
2924.87
2924.87
2924.87
2924.87
2924.87
2924.87
2924.87
2924.87
2924.88
2924.88
2924.88
2924.88
2924.88
2924.88
2924.88
2924.88
2924.88
2924.88
2924.88
2924.88
2924.88
2924.88
2924.89
2924.89
2924.89
2924.89
2924.89
2924.89
2924.89
2924.89
2924.89
2924.89
2924.89
2924.9
2924.9
2924.9
2924.9
2924.9
2924.9
2924.9
2924.9
2924.9
2924.91
2924.91
2924.91
2924.91
2924.91
2924.91
2924.91
2924.91
2924.92
2924.92
2924.92
2924.92
2924.92
2924.92
2924.93
2924.93
2924.93
2924.93
2924.94
2924.94
2924.94
2924.94
2924.94
2924.94
2924.95
2924.95
2924.95
2924.95
2924.96
2924.96
2924.96
2924.96
2924.96
2924.96
2924.96
2924.96
2924.96
2924.97
2924.97
2924.97
2924.97
2924.97
2924.97
2924.97
2924.97
2924.97
2924.97
2924.97
2924.97
2924.97
2924.97
2924.97
2924.97
2924.97
2924.97
2924.97
2924.97
2924.97
2924.97
2924.97
2924.97
2924.97
2924.97
2924.97
2924.97
2924.97
2924.97
2924.97
2924.97
2924.97
2924.97
2924.97
2924.96
2924.96
2924.96
2924.96
2924.96
2924.96
2924.96
2924.96
2924.96
2924.96
2924.95
2924.95
2924.95
2924.95
2924.95
2924.95
2924.94
2924.94
2924.94
2924.94
2924.94
2924.94
2924.93
2924.93
2924.93
2924.93
2924.93
2924.92
2924.92
2924.92
2924.92
2924.91
2924.91
2924.91
2924.91
2924.9
2924.9
2924.9
2924.9
2924.89
2924.89
2924.89
2924.89
2924.88
2924.88
2924.88
2924.87
2924.87
2924.87
2924.86
2924.86
2924.85
2924.85
2924.85
2924.84
2924.84
2924.83
2924.83
2924.82
2924.82
2924.81
2924.81
2924.8
2924.8
2924.79
2924.79
2924.78
2924.78
2924.77
2924.76
2924.76
2924.75
2924.75
2924.74
2924.73
2924.73
2924.72
2924.72
2924.71
2924.7
2924.7
2924.69
2924.68
2924.68
2924.67
2924.66
2924.66
2924.65
2924.64
2924.63
2924.62
2924.61
2924.6
2924.59
2924.58
2924.57
2924.56
2924.55
2924.54
2924.53
2924.51
2924.5
2924.49
2924.47
2924.46
2924.45
2924.43
2924.42
2924.4
2924.39
2924.37
2924.35
2924.33
2924.32
2924.3
2924.28
2924.26
2924.24
2924.22
2924.2
2924.17
2924.15
2924.12
2924.1
2924.07
2924.05
2924.03
2924
2923.97
2923.94
2923.92
2923.89
2923.86
2923.84
2923.81
2923.79
2923.76
2923.73
2923.7
2923.67
2923.64
2923.61
2923.58
2923.55
2923.52
2923.49
2923.46
2923.43
2923.39
2923.36
2923.33
2923.29
2923.26
2923.22
2923.19
2923.15
2923.12
2923.08
2923.04
2923
2922.96
2922.92
2922.88
2922.83
2922.79
2922.75
2922.71
2922.66
2922.62
2922.58
2922.53
2922.48
2922.43
2922.38
2922.32
2922.27
2922.22
2922.16
2922.11
2922.05
2922
2921.94
2921.88
2921.82
2921.75
2921.68
2921.62
2921.55
2921.48
2921.41
2921.34
2921.26
2921.19
2921.1
2921.01
2920.93
2920.84
2920.74
2920.65
2920.56
2920.46
2920.36
2920.26
2920.16
2920.06
2919.94
2919.81
2919.68
2919.55
2919.42
2919.27
2919.13
2918.99
2918.83
2918.67
2918.51
2918.34
2918.15
2917.95
2917.72
2917.48
2917.21
2916.93
2916.7
2916.46
2916.18
2915.89
2915.6
2915.31
2915.05
2914.79
2914.53
2914.28
2914.03
2913.78
2913.52
2913.25
2912.97
2912.7
2912.42
2912.14
2911.85
2911.57
2911.28
2910.99
2910.7
2910.4
2910.1
2909.79
2909.48
2909.16
2908.84
2908.52
2908.18
2907.83
2907.49
2907.14
2906.78
2906.41
2906.02
2905.64
2905.28
2904.91
2904.54
2904.15
2903.75
2903.34
2902.94
2902.55
2902.15
2901.74
2901.31
2900.88
2900.43
2899.99
2899.56
2899.12
2898.67
2898.21
2897.72
2897.22
2896.72
2896.22
2895.73
2895.25
2894.74
2894.21
2893.63
2893.03
2892.43
2891.83
2891.24
2890.66
2890.08
2889.51
2888.94
2888.38
2887.8
2887.22
2886.64
2886.04
2885.44
2884.84
2884.22
2883.6
2882.98
2882.33
2881.63
2880.85
2880.04
2879.2
2877.99
2875.8
2872.89
2869.57
2866.03
2862.71
2859.54
2856.37
2853.19
2849.99
2846.62
2843.05
2839.84
2837.92
2837.33
2837.34
2837.44
2837.59
2837.73
2837.88
2838.02
2838.15
2838.27
2838.37
2838.47
2838.55
2838.63
2838.7
2838.76
2838.82
2838.86
2838.9
2838.94
2838.98
2839.01
2839.03
2839.04
2839.05
2839.06
2839.05
2839.05
2839.04
2839.02
2839
2838.97
2838.94
2838.9
2838.85
2838.8
2838.75
2838.7
2838.64
2838.57
2838.5
2838.43
2838.35
2838.27
2838.18
2838.1
2838
2837.9
2837.8
2837.69
2837.59
2837.48
2837.36
2837.24
2837.12
2836.99
2836.86
2836.73
2836.6
2836.47
2836.32
2836.18
2836.03
2835.89
2835.74
2835.59
2835.43
2835.27
2835.11
2834.94
2834.78
2834.62
2834.45
2834.28
2834.1
2833.92
2833.74
2833.56
2833.38
2833.2
2833.01
2832.82
2832.63
2832.44
2832.26
2832.07
2831.87
2831.67
2831.47
2831.27
2831.07
2830.87
2830.67
2830.47
2830.25
2830.04
2829.83
2829.63
2829.42
2829.21
2829
2828.78
2828.56
2828.34
2828.13
2827.92
2827.7
2827.48
2827.26
2827.03
2826.81
2826.6
2826.38
2826.15
2825.93
2825.7
2825.47
2825.24
2825.02
2824.8
2824.57
2824.34
2824.11
2823.88
2823.65
2823.42
2823.2
2822.96
2822.73
2822.49
2822.26
2822.03
2821.81
2821.58
2821.34
2821.1
2820.86
2820.63
2820.4
2820.17
2819.94
2819.7
2819.46
2819.22
2818.98
2818.75
2818.52
2818.28
2818.04
2817.8
2817.57
2817.33
2817.1
2816.87
2816.63
2816.39
2816.14
2815.91
2815.67
2815.44
2815.21
2814.97
2814.72
2814.48
2814.24
2814.01
2813.78
2813.54
2813.3
2813.06
2812.82
2812.58
2812.35
2812.11
2811.88
2811.64
2811.39
2811.15
2810.92
2810.69
2810.45
2810.22
2809.98
2809.73
2809.5
2809.26
2809.03
2808.8
2808.56
2808.32
2808.08
2807.84
2807.61
2807.37
2807.14
2806.9
2806.66
2806.43
2806.19
2805.96
2805.73
2805.49
2805.26
2805.02
2804.78
2804.55
2804.32
2804.09
2803.86
2803.62
2803.38
2803.15
2802.91
2802.68
2802.45
2802.22
2801.99
2801.75
2801.52
2801.29
2801.06
2800.83
2800.6
2800.37
2800.14
2799.91
2799.68
2799.45
2799.22
2798.99
2798.76
2798.53
2798.3
2798.07
2797.84
2797.62
2797.39
2797.16
2796.93
2796.7
2796.48
2796.25
2796.03
2795.8
2795.57
2795.35
2795.12
2794.9
2794.68
2794.46
2794.23
2794
2793.78
2793.55
2793.33
2793.11
2792.89
2792.67
2792.44
2792.22
2792
2791.78
2791.56
2791.34
2791.12
2790.9
2790.68
2790.46
2790.24
2790.02
2789.81
2789.59
2789.37
2789.15
2788.93
2788.72
2788.5
2788.28
2788.07
2787.85
2787.63
2787.42
2787.2
2786.99
2786.78
2786.56
2786.34
2786.13
2785.92
2785.71
2785.5
2785.28
2785.07
2784.86
2784.65
2784.44
2784.23
2784.02
2783.81
2783.6
2783.39
2783.18
2782.98
2782.77
2782.56
2782.35
2782.14
2781.94
2781.73
2781.52
2781.32
2781.11
2780.91
2780.7
2780.5
2780.29
2780.09
2779.89
2779.68
2779.48
2779.27
2779.07
2778.87
2778.67
2778.47
2778.27
2778.07
2777.86
2777.66
2777.46
2777.27
2777.07
2776.87
2776.67
2776.47
2776.27
2776.07
2775.88
2775.68
2775.48
2775.29
2775.09
2774.89
2774.7
2774.5
2774.31
2774.12
2773.92
2773.72
2773.53
2773.34
2773.15
2772.96
2772.76
2772.57
2772.38
2772.19
2772
2771.81
2771.62
2771.43
2771.24
2771.05
2770.86
2770.67
2770.48
2770.3
2770.11
2769.92
2769.73
2769.55
2769.36
2769.18
2769
2768.81
2768.62
2768.44
2768.26
2768.07
2767.89
2767.71
2767.53
2767.34
2767.16
2766.98
2766.8
2766.62
2766.44
2766.26
2766.08
2765.9
2765.72
2765.54
2765.36
2765.18
2765
2764.82
2764.64
2764.47
2764.29
2764.11
2763.94
2763.76
2763.58
2763.4
2763.23
2763.05
2762.88
2762.7
2762.53
2762.35
2762.18
2762
2761.83
2761.66
2761.49
2761.31
2761.14
2760.97
2760.8
2760.62
2760.45
2760.28
2760.11
2759.94
2759.77
2759.6
2759.43
2759.26
2759.1
2758.93
2758.76
2758.59
2758.42
2758.26
2758.09
2757.92
2757.76
2757.59
2757.43
2757.26
2757.1
2756.93
2756.77
2756.6
2756.44
2756.28
2756.12
2755.96
2755.79
2755.63
2755.47
2755.31
2755.15
2755.01
2754.89
2754.79
2754.71
2754.65
2754.59
2754.55
2754.52
2754.49
2754.46
2754.47
2754.48

