-1.00E-14
0.000182287
0.000364714
0.000547509
0.000735435
0.000932733
0.00113971
0.00135418
0.00156972
0.00178525
0.00200072
0.00221614
0.00243149
0.00264679
0.00286203
0.00307721
0.00329233
0.0035074
0.0037224
0.00393735
0.00415224
0.00436707
0.00458184
0.00479656
0.00501121
0.00522581
0.00544035
0.00565483
0.00586926
0.00608362
0.00629793
0.00651218
0.00672637
0.0069405
0.00715458
0.00736859
0.00758255
0.00779645
0.00801029
0.00822408
0.0084378
0.00865147
0.00886508
0.00907863
0.00929213
0.00950556
0.00971894
0.00993226
0.0101455
0.0103587
0.0105719
0.010785
0.010998
0.011211
0.0114239
0.0116367
0.0118495
0.0120623
0.012275
0.0124876
0.0127002
0.0129127
0.0131251
0.0133375
0.0135499
0.0137621
0.0139744
0.0141865
0.0143986
0.0146107
0.0148227
0.0150346
0.0152465
0.0154583
0.0156701
0.0158818
0.0160934
0.016305
0.0165166
0.016728
0.0169395
0.0171508
0.0173621
0.0175734
0.0177846
0.0179957
0.0182068
0.0184178
0.0186287
0.0188396
0.0190505
0.0192613
0.019472
0.0196827
0.0198933
0.0201039
0.0203144
0.0205248
0.0207352
0.0209455
0.0211558
0.021366
0.0215762
0.0217863
0.0219963
0.0222063
0.0224162
0.0226261
0.0228359
0.0230457
0.0232554
0.0234651
0.0236747
0.0238842
0.0240937
0.0243031
0.0245124
0.0247218
0.024931
0.0251402
0.0253493
0.0255584
0.0257674
0.0259764
0.0261853
0.0263942
0.026603
0.0268117
0.0270204
0.027229
0.0274376
0.0276461
0.0278546
0.028063
0.0282713
0.0284796
0.0286878
0.028896
0.0291041
0.0293122
0.0295202
0.0297281
0.029936
0.0301439
0.0303516
0.0305594
0.030767
0.0309746
0.0311822
0.0313897
0.0315971
0.0318045
0.0320119
0.0322191
0.0324263
0.0326335
0.0328406
0.0330477
0.0332546
0.0334616
0.0336685
0.0338753
0.0340821
0.0342888
0.0344954
0.034702
0.0349086
0.0351151
0.0353215
0.0355279
0.0357342
0.0359405
0.0361467
0.0363528
0.0365589
0.036765
0.0369709
0.0371769
0.0373827
0.0375886
0.0377943
0.038
0.0382057
0.0384113
0.0386168
0.0388223
0.0390277
0.0392331
0.0394384
0.0396437
0.0398489
0.040054
0.0402591
0.0404642
0.0406691
0.0408741
0.0410789
0.0412838
0.0414885
0.0416932
0.0418979
0.0421025
0.042307
0.0425115
0.0427159
0.0429203
0.0431246
0.0433289
0.0435331
0.0437372
0.0439413
0.0441454
0.0443494
0.0445533
0.0447572
0.044961
0.0451647
0.0453684
0.0455721
0.0457757
0.0459792
0.0461827
0.0463862
0.0465895
0.0467929
0.0469961
0.0471993
0.0474025
0.0476056
0.0478087
0.0480117
0.0482146
0.0484175
0.0486203
0.0488231
0.0490258
0.0492285
0.0494311
0.0496336
0.0498361
0.0500386
0.050241
0.0504433
0.0506456
0.0508478
0.05105
0.0512521
0.0514541
0.0516561
0.0518581
0.05206
0.0522618
0.0524636
0.0526654
0.052867
0.0530687
0.0532702
0.0534717
0.0536732
0.0538746
0.054076
0.0542772
0.0544785
0.0546797
0.0548808
0.0550819
0.0552829
0.0554839
0.0556848
0.0558857
0.0560865
0.0562872
0.0564879
0.0566886
0.0568891
0.0570897
0.0572902
0.0574906
0.057691
0.0578913
0.0580915
0.0582917
0.0584919
0.058692
0.058892
0.059092
0.059292
0.0594919
0.0596917
0.0598915
0.0600912
0.0602909
0.0604905
0.06069
0.0608895
0.061089
0.0612884
0.0614877
0.061687
0.0618863
0.0620854
0.0622846
0.0624836
0.0626827
0.0628816
0.0630805
0.0632794
0.0634782
0.063677
0.0638757
0.0640743
0.0642729
0.0644714
0.0646699
0.0648683
0.0650667
0.065265
0.0654633
0.0656615
0.0658597
0.0660578
0.0662558
0.0664538
0.0666518
0.0668497
0.0670475
0.0672453
0.067443
0.0676407
0.0678383
0.0680359
0.0682334
0.0684309
0.0686283
0.0688257
0.069023
0.0692202
0.0694174
0.0696146
0.0698117
0.0700087
0.0702057
0.0704026
0.0705995
0.0707963
0.0709931
0.0711898
0.0713865
0.0715831
0.0717797
0.0719762
0.0721726
0.072369
0.0725654
0.0727617
0.0729579
0.0731541
0.0733502
0.0735463
0.0737423
0.0739383
0.0741342
0.0743301
0.0745259
0.0747217
0.0749174
0.0751131
0.0753087
0.0755042
0.0756997
0.0758952
0.0760906
0.0762859
0.0764812
0.0766764
0.0768716
0.0770667
0.0772618
0.0774568
0.0776518
0.0778467
0.0780416
0.0782364
0.0784312
0.0786259
0.0788206
0.0790152
0.0792097
0.0794042
0.0795987
0.0797931
0.0799874
0.0801817
0.0803759
0.0805701
0.0807642
0.0809583
0.0811523
0.0813463
0.0815402
0.0817341
0.0819279
0.0821217
0.0823154
0.0825091
0.0827027
0.0828962
0.0830897
0.0832832
0.0834766
0.0836699
0.0838632
0.0840565
0.0842497
0.0844428
0.0846359
0.0848289
0.0850219
0.0852148
0.0854077
0.0856005
0.0857933
0.085986
0.0861787
0.0863713
0.0865639
0.0867564
0.0869488
0.0871413
0.0873336
0.0875259
0.0877182
0.0879104
0.0881025
0.0882946
0.0884867
0.0886787
0.0888706
0.0890625
0.0892543
0.0894461
0.0896379
0.0898296
0.0900212
0.0902128
0.0904043
0.0905958
0.0907872
0.0909786
0.0911699
0.0913612
0.0915524
0.0917436
0.0919347
0.0921257
0.0923168
0.0925077
0.0926986
0.0928895
0.0930803
0.0932711
0.0934618
0.0936524
0.093843
0.0940336
0.0942241
0.0944145
0.0946049
0.0947952
0.0949855
0.0951758
0.095366
0.0955561
0.0957462
0.0959362
0.0961262
0.0963162
0.0965061
0.0966959
0.0968857
0.0970754
0.0972651
0.0974547
0.0976443
0.0978338
0.0980233
0.0982127
0.0984021
0.0985914
0.0987807
0.0989699
0.0991591
0.0993482
0.0995372
0.0997263
0.0999152
0.100104
0.100293
0.100482
0.100671
0.100859
0.101048
0.101237
0.101425
0.101614
0.101802
0.10199
0.102179
0.102367
0.102555
0.102744
0.102932
0.10312
0.103308
0.103496
0.103684
0.103872
0.10406
0.104247
0.104435
0.104623
0.10481
0.104998
0.105186
0.105373
0.105561
0.105748
0.105935
0.106123
0.10631
0.106497
0.106684
0.106871
0.107058
0.107245
0.107432
0.107619
0.107806
0.107993
0.10818
0.108366
0.108553
0.108739
0.108926
0.109112
0.109299
0.109485
0.109672
0.109858
0.110044
0.11023
0.110416
0.110603
0.110789
0.110975
0.111161
0.111346
0.111532
0.111718
0.111904
0.112089
0.112275
0.112461
0.112646
0.112832
0.113017
0.113203
0.113388
0.113573
0.113758
0.113944
0.114129
0.114314
0.114499
0.114684
0.114869
0.115054
0.115239
0.115423
0.115608
0.115793
0.115977
0.116162
0.116347
0.116531
0.116716
0.1169
0.117084
0.117269
0.117453
0.117637
0.117821
0.118005
0.118189
0.118373
0.118557
0.118741
0.118925
0.119109
0.119293
0.119476
0.11966
0.119844
0.120027
0.120211
0.120394
0.120578
0.120761
0.120944
0.121127
0.121311
0.121494
0.121677
0.12186
0.122043
0.122226
0.122409
0.122592
0.122775
0.122957
0.12314
0.123323
0.123505
0.123688
0.12387
0.124053
0.124235
0.124418
0.1246
0.124782
0.124965
0.125147
0.125329
0.125512
0.125694
0.125876
0.126058
0.126241
0.126423
0.126605
0.126788
0.12697
0.127152
0.127334
0.127517
0.127699
0.127881
0.128064
0.128246
0.128428
0.12861
0.128793
0.128975
0.129157
0.12934
0.129522
0.129704
0.129886
0.130069
0.130251
0.130433
0.130616
0.130798
0.13098
0.131162
0.131345
0.131527
0.131709
0.131892
0.132074
0.132256
0.132438
0.132621
0.132803
0.132985
0.133168
0.13335
0.133532
0.133714
0.133897
0.134079
0.134261
0.134444
0.134626
0.134808
0.13499
0.135173
0.135355
0.135537
0.13572
0.135902
0.136084
0.136266
0.136449
0.136631
0.136813
0.136996
0.137178
0.13736
0.137542
0.137725
0.137907
0.138089
0.138272
0.138454
0.138636
0.138819
0.139001
0.139183
0.139365
0.139548
0.13973
0.139912
0.140095
0.140277
0.140459
0.140641
0.140824
0.141006
0.141188
0.141371
0.141553
0.141735
0.141917
0.1421
0.142282
0.142464
0.142647
0.142829
0.143011
0.143193
0.143376
0.143558
0.14374
0.143923
0.144105
0.144287
0.144469
0.144652
0.144834
0.145016
0.145199
0.145381
0.145563
0.145745
0.145928
0.14611
0.146292
0.146475
0.146657
0.146839
0.147021
0.147204
0.147386
0.147568
0.147751
0.147933
0.148115
0.148297
0.14848
0.148662
0.148844
0.149027
0.149209
0.149391
0.149573
0.149756
0.149938
0.15012
0.150303
0.150485
0.150667
0.150849
0.151032
0.151214
0.151396
0.151579
0.151761
0.151943
0.152125
0.152308
0.15249
0.152672
0.152855
0.153037
0.153219
0.153401
0.153584
0.153766
0.153948
0.154131
0.154313
0.154495
0.154677
0.15486
0.155042
0.155224
0.155407
0.155589
0.155771
0.155953
0.156136
0.156318
0.1565
0.156683
0.156865
0.157047
0.157229
0.157412
0.157594
0.157776
0.157959
0.158141
0.158323
0.158505
0.158688
0.15887
0.159052
0.159235
0.159417
0.159599
0.159781
0.159964
0.160146
0.160328
0.160511
0.160693
0.160875
0.161057
0.16124
0.161422
0.161604
0.161787
0.161969
0.162151
0.162334
0.162516
0.162698
0.16288
0.163063
0.163245
0.163427
0.16361
0.163792
0.163974
0.164156
0.164339
0.164521
0.164703
0.164886
0.165068
0.16525
0.165432
0.165615
0.165797
0.165979
0.166162
0.166344
0.166526
0.166708
0.166891
0.167073
0.167255
0.167438
0.16762
0.167802
0.167984
0.168167
0.168349
0.168531
0.168714
0.168896
0.169078
0.16926
0.169443
0.169625
0.169807
0.16999
0.170172
0.170354
0.170536
0.170719
0.170901
0.171083
0.171266
0.171448
0.17163
0.171812
0.171995
0.172177
0.172359
0.172542
0.172724
0.172906
0.173088
0.173271
0.173453
0.173635
0.173818
0.174
0.174182
0.174364
0.174547
0.174729
0.174911
0.175094
0.175276
0.175458
0.17564
0.175823
0.176005
0.176187
0.17637
0.176552
0.176734
0.176916
0.177099
0.177281
0.177463
0.177646
0.177828
0.17801
0.178192
0.178375
0.178557
0.178739
0.178922
0.179104
0.179286
0.179468
0.179651
0.179833
0.180015
0.180198
0.18038
0.180562
0.180744
0.180927
0.181109
0.181291
0.181474
0.181656
0.181838
0.18202
0.182203
0.182385
0.182567
0.18275
0.182932
0.183114
0.183296
0.183479
0.183661
0.183843
0.184026
0.184208
0.18439
0.184572
0.184755
0.184937
0.185119
0.185302
0.185484
0.185666
0.185849
0.186031
0.186213
0.186395
0.186578
0.18676
0.186942
0.187125
0.187307
0.187489
0.187671
0.187854
0.188036
0.188218
0.188401
0.188583
0.188765
0.188947
0.18913
0.189312
0.189494
0.189677
0.189859
0.190041
0.190223
0.190406
0.190588
0.19077
0.190953
0.191135
0.191317
0.191499
0.191682
0.191864
0.192046
0.192229
0.192411
0.192593
0.192775
0.192958
0.19314
0.193322
0.193505
0.193687
0.193869
0.194051
0.194234
0.194416
0.194598
0.194781
0.194963
0.195145
0.195327
0.19551
0.195692
0.195874
0.196057
0.196239
0.196421
0.196603
0.196786
0.196968
0.19715
0.197333
0.197515
0.197697
0.197879
0.198062
0.198244
0.198426
0.198609
0.198791
0.198973
0.199155
0.199338
0.19952
0.199702
0.199885
0.200067
0.200249
0.200431
0.200614
0.200796
0.200978
0.201161
0.201343
0.201525
0.201707
0.20189
0.202072
0.202254
0.202437
0.202619
0.202801
0.202983
0.203166
0.203348
0.20353
0.203713
0.203895
0.204077
0.204259
0.204442
0.204624
0.204806
0.204989
0.205171
0.205353
0.205535
0.205718
0.2059
0.206082
0.206265
0.206447
0.206629
0.206811
0.206994
0.207176
0.207358
0.207541
0.207723
0.207905
0.208087
0.20827
0.208452
0.208634
0.208817
0.208999
0.209181
0.209363
0.209546
0.209728
0.20991
0.210093
0.210275
0.210457
0.21064
0.210822
0.211004
0.211186
0.211369
0.211551
0.211733
0.211916
0.212098
0.21228
0.212462
0.212645
0.212827
0.213009
0.213192
0.213374
0.213556
0.213738
0.213921
0.214103
0.214285
0.214468
0.21465
0.214832
0.215014
0.215197
0.215379
0.215561
0.215744
0.215926
0.216108
0.21629
0.216473
0.216655
0.216837
0.21702
0.217202
0.217384
0.217566
0.217749
0.217931
0.218113
0.218296
0.218478
0.21866
0.218842
0.219025
0.219207
0.219389
0.219572
0.219754
0.219936
0.220118
0.220301
0.220483
0.220665
0.220848
0.22103
0.221212
0.221394
0.221577
0.221759
0.221941
0.222124
0.222306
0.222488
0.22267
0.222853
0.223035
0.223217
0.2234
0.223582
0.223764
0.223946
0.224129
0.224311
0.224493
0.224676
0.224858
0.22504
0.225222
0.225405
0.225587
0.225769
0.225952
0.226134
0.226316
0.226498
0.226681
0.226863
0.227045
0.227228
0.22741
0.227592
0.227774
0.227957
0.228139
0.228321
0.228504
0.228686
0.228868
0.22905
0.229233
0.229415
0.229597
0.22978
0.229962
0.230144
0.230326
0.230509
0.230691
0.230873
0.231056
0.231238
0.23142
0.231602
0.231785
0.231967
0.232149
0.232332
0.232514
0.232696
0.232878
0.233061
0.233243
0.233425
0.233608
0.23379
0.233972
0.234155
0.234337
0.234519
0.234701
0.234884
0.235066
0.235248
0.235431
0.235613
0.235795
0.235977
0.23616
0.236342
0.236524
0.236707
0.236889
0.237071
0.237253
0.237436
0.237618
0.2378
0.237983
0.238165
0.238347
0.238529
0.238712
0.238894
0.239076
0.239259
0.239441
0.239623
0.239805
0.239988
0.24017
0.240352
0.240535
0.240717
0.240899
0.241081
0.241264
0.241446
0.241628
0.241811
0.241993
0.242175
0.242357
0.24254
0.242722
0.242904
0.243087
0.243269
0.243451
0.243633
0.243816
0.243998
0.24418
0.244363
0.244545
0.244727
0.244909
0.245092
0.245274
0.245456
0.245639
0.245821
0.246003
0.246185
0.246368
0.24655
0.246732
0.246915
0.247097
0.247279
0.247461
0.247644
0.247826
0.248008
0.248191
0.248373
0.248555
0.248737
0.24892
0.249102
0.249284
0.249467
0.249649
0.249831
0.250013
0.250196
0.250378
0.25056
0.250743
0.250925
0.251107
0.251289
0.251472
0.251654
0.251836
0.252019
0.252201
0.252383
0.252565
0.252748
0.25293
0.253112
0.253295
0.253477
0.253659
0.253841
0.254024
0.254206
0.254388
0.254571
0.254753
0.254935
0.255117
0.2553
0.255482
0.255664
0.255847
0.256029
0.256211
0.256393
0.256576
0.256758
0.25694
0.257123
0.257305
0.257487
0.25767
0.257852
0.258034
0.258216
0.258399
0.258581
0.258763
0.258946
0.259128
0.25931
0.259492
0.259675
0.259857
0.260039
0.260222
0.260404
0.260586
0.260768
0.260951
0.261133
0.261315
0.261498
0.26168
0.261862
0.262044
0.262227
0.262409
0.262591
0.262774
0.262956
0.263138
0.26332
0.263503
0.263685
0.263867
0.26405
0.264232
0.264414
0.264596
0.264779
0.264961
0.265143
0.265326
0.265508
0.26569
0.265872
0.266055
0.266237
0.266419
0.266602
0.266784
0.266966
0.267148
0.267331
0.267513
0.267695
0.267878
0.26806
0.268242
0.268424
0.268607
0.268789
0.268971
0.269154
0.269336
0.269518
0.2697
0.269883
0.270065
0.270247
0.27043
0.270612
0.270794
0.270976
0.271159
0.271341
0.271523
0.271706
0.271888
0.27207
0.272252
0.272435
0.272617
0.272799
0.272982
0.273164
0.273346
0.273528
0.273711
0.273893
0.274075
0.274258
0.27444
0.274622
0.274804
0.274987
0.275169
0.275351
0.275534
0.275716
0.275898
0.27608
0.276263
0.276445
0.276627
0.27681
0.276992
0.277174
0.277356
0.277539
0.277721
0.277903
0.278086
0.278268
0.27845
0.278632
0.278815
0.278997
0.279179
0.279362
0.279544
0.279726
0.279909
0.280091
0.280273
0.280455
0.280638
0.28082
0.281002
0.281184
0.281367
0.281549
0.281731
0.281914
0.282096
0.282278
0.282461
0.282643
0.282825
0.283007
0.28319
0.283372
0.283554
0.283737
0.283919
0.284101
0.284283
0.284466
0.284648
0.28483
0.285013
0.285195
0.285377
0.285559
0.285742
0.285924
0.286106
0.286289
0.286471
0.286653
0.286835
0.287018
0.2872
0.287382
0.287565
0.287747
0.287929
0.288111
0.288294
0.288476
0.288658
0.288841
0.289023
0.289205
0.289387
0.28957
0.289752
0.289934
0.290117
0.290299
0.290481
0.290663
0.290846
0.291028
0.29121
0.291393
0.291575
0.291757
0.291939
0.292122
0.292304
0.292486
0.292669
0.292851
0.293033
0.293215
0.293398
0.29358
0.293762
0.293945
0.294127
0.294309
0.294491
0.294674
0.294856
0.295038
0.295221
0.295403
0.295585
0.295767
0.29595
0.296132
0.296314
0.296497
0.296679
0.296861
0.297043
0.297226
0.297408
0.29759
0.297773
0.297955
0.298137
0.298319
0.298502
0.298684
0.298866
0.299049
0.299231
0.299413
0.299595
0.299778
0.29996
0.300142
0.300325
0.300507
0.300689
0.300871
0.301054
0.301236
0.301418
0.301601
0.301783
0.301965
0.302147
0.30233
0.302512
0.302694
0.302877
0.303059
0.303241
0.303423
0.303606
0.303788
0.30397
0.304153
0.304335
0.304517
0.3047
0.304882
0.305064
0.305246
0.305429
0.305611
0.305793
0.305975
0.306158
0.30634
0.306522
0.306705
0.306887
0.307069
0.307252
0.307434
0.307616
0.307798
0.307981
0.308163
0.308345
0.308528
0.30871
0.308892
0.309074
0.309257
0.309439
0.309621
0.309804
0.309986
0.310168
0.31035
0.310533
0.310715
0.310897
0.31108
0.311262
0.311444
0.311626
0.311809
0.311991
0.312173
0.312356
0.312538
0.31272
0.312902
0.313085
0.313267
0.313449
0.313632
0.313814
0.313996
0.314178
0.314361
0.314543
0.314725
0.314908
0.31509
0.315272
0.315454
0.315637
0.315819
0.316001
0.316184
0.316366
0.316548
0.31673
0.316913
0.317095
0.317277
0.31746
0.317642
0.317824
0.318006
0.318189
0.318371
0.318553
0.318736
0.318918
0.3191
0.319282
0.319465
0.319647
0.319829
0.320012
0.320194
0.320376
0.320558
0.320741
0.320923
0.321105
0.321288
0.32147
0.321652
0.321834
0.322017
0.322199
0.322381
0.322564
0.322746
0.322928
0.32311
0.323293
0.323475
0.323657
0.32384
0.324022
0.324204
0.324386
0.324569
0.324751
0.324933
0.325116
0.325298
0.32548
0.325662
0.325845
0.326027
0.326209
0.326392
0.326574
0.326756
0.326938
0.327121
0.327303
0.327485
0.327668
0.32785
0.328032
0.328214
0.328397
0.328579
0.328761
0.328944

